   36.9032  -69.6727  -55.4256
  -55.9424  -70.7132  -42.3237
   48.4666  -85.7746  -12.4115
   30.2648  -70.0086  -53.2331
   11.9352  -76.8960  -49.6982
   -7.2776  -75.1711  -54.7829
   -6.3243  -53.1189  -84.1663
    4.0732   -1.1807   85.9632
  -23.3646  -15.3389   86.7620
   -7.2609   28.4692   94.9500
  -36.5409   45.0077   81.1582
  -23.2249   37.0101   89.3574
   13.4457  -98.0274  -10.3063
   90.6316  -24.8828  -20.8779
   57.5296  -80.2774    3.0624
   12.7461  -98.8910    3.9975
   11.2258  -97.5941   15.5415
  -19.0060  -42.1951  -87.6550
   -6.9610  -99.4848   -2.8063
  -32.1758  -85.8269  -39.4278
  -31.0909  -75.0029  -57.9056
  -22.1718  -67.0444  -70.4977
  -50.3458  -76.7775  -39.0177
  -92.4377   31.5248  -19.2812
  -95.6852  -23.6325    9.7156
   67.3618   31.9974   65.7335
   68.8160  -63.0110   34.5682
  -94.0548  -32.1772   -4.3510
   53.0495  -79.8211   27.2892
   70.7865  -69.1171    7.2197
   77.0315  -51.1454  -34.7102
   97.5002  -16.0341   12.3737
   83.5488  -49.6285  -21.9260
   92.1702  -37.0808   -3.5632
   87.3780  -47.7966    1.1679
   61.0091  -39.3446   68.0299
   77.6744  -37.9910   48.1115
   89.0295  -28.3711   31.2048
   49.1591  -55.1503   66.3140
   83.5515  -11.0122   52.2468
   92.0093    6.8314   37.4765
   28.0708  -70.4080   64.1724
   78.1563   16.3794   58.2838
   54.1674   20.6647   80.4942
   48.5019  -73.0758   46.4935
   32.3673  -88.9698   31.1625
   -7.5574  -71.5155   68.3358
   -5.4105  -83.9232   53.1594
   18.4480  -84.9079   48.6419
    5.9303  -94.0884   31.5019
  -28.7929  -24.7995   82.0347
  -24.3728  -44.3774   78.6667
  -21.7803   -2.2025   85.6513
    9.4886    5.0641   98.5215
   49.8734   -3.8922   84.8306
  -53.1302   43.2609   71.7254
   97.6858    6.3297   18.4598
   96.2953   23.2670    6.9654
   93.7210   30.0666   14.6932
   90.0061   29.1240   30.7869
   71.6891   67.2605  -15.9029
   76.2442   60.8261   18.9075
   75.0867   47.9798   44.1363
   62.9172   76.6503   -9.7768
   54.0652   81.7979  -17.5034
   -4.1034   93.0765  -35.8853
    1.7692   58.4866   80.1821
   32.4012   62.5721   69.8065
   64.3654   71.5462   22.4416
   59.8336   54.0899   58.4022
   44.7417   72.0558   52.0345
   48.7205   85.6830   12.9653
  -18.3106   66.4961   71.2054
  -53.8068   79.5389   25.6992
  -37.8908   91.5532    3.2844
  -19.9319   94.6244  -23.2686
   -1.5310   98.6216  -12.0559
  -58.4291   61.5807   50.6769
  -40.5466   73.4914   53.4821
  -41.6103   61.0705   66.8036
  -36.7826   83.0476   40.6738
  -26.1030   92.5231   25.4099
  -14.7028   83.4523   52.0984
    3.0480   84.6497   50.9775
    1.2250   97.5987   19.1975
   18.5492   87.9728   40.8932
   40.3964   83.3143   36.1601
   45.7354   83.8678  -25.9039
   20.0809   97.6301    0.1791
   33.1648   92.8103  -14.1303
   14.1820   94.9827  -25.9942
   10.5360   86.0266  -48.9193
   33.4291   80.0522  -47.9499
   -9.8348   84.8206  -51.2614
  -22.7270  -84.3729   47.3160
   24.4340   25.4755   92.2669
   15.8857   46.8361   86.1787
   46.4564   46.9631   74.7450
  -73.7754   53.4416   40.0208
  -82.5549   36.0834   41.5072
  -91.5495   28.8900   26.3268
  -87.4697   46.1678   11.5538
  -80.3422   49.0265  -30.6918
  -97.2658   17.4752    6.7002
  -95.1648    5.7757   27.2764
  -54.7100   68.6826  -44.0716
  -67.4353   45.3832  -57.7420
  -60.5649   77.7369    0.3651
  -50.1932   76.8720  -37.8041
  -13.2387   68.0274  -70.8450
  -32.0647   85.3681  -39.6980
  -22.2879   76.1632  -60.0674
  -72.2865   64.1957   24.5638
  -67.4857   72.2612  -11.1703
  -77.2915   62.2327    8.1271
  -72.4290  -22.7138   63.5037
  -45.3498  -58.5347   65.2538
    7.6517   26.8219  -95.3832
   45.1820   -2.5687  -86.0204
   34.8553   18.3028  -89.3751
   69.3020  -38.2089  -59.8346
   -4.6933   22.3408  -96.0316
  -56.8562   43.4310  -69.4550
  -95.3700   12.8385  -21.6862
  -87.1388   10.7730  -42.6192
   34.5526   -6.8743  -92.4934
   10.7782  -15.1559  -97.7036
  -77.6654   19.4463  -58.3073
  -89.7851  -16.5869  -38.5281
  -81.6090  -21.8968  -51.7725
  -34.8335   43.5316  -81.2808
  -63.3447    8.8747  -76.1368
  -64.7841  -34.0148  -66.7365
  -45.3440   -3.2461  -88.1026
  -17.1602   -2.7161  -97.5516
  -32.8354  -26.2390  -89.9796
  -68.0140  -50.5909  -51.4212
  -40.5304  -53.5720  -73.1399
  -89.4327  -37.0539  -21.5978
  -72.1063  -62.2056  -28.9918
  -55.5163  -79.7130  -22.6152
   52.9197  -79.6203   -9.4240
  -36.1721  -91.9992  -11.1765
  -51.2118  -69.5127   47.9252
  -24.6306  -92.1788   27.7773
  -16.5093  -97.8137    6.8844
  -85.1880    5.6325   51.0159
  -86.8234  -25.6349   38.8149
  -69.2497  -62.7140   29.3805
  -73.4589  -65.9170   -2.5771
  -49.8793  -85.0513    8.4999
   30.2649  -95.0060    4.6543
   42.7619  -27.9246  -85.6023
    9.0121  -37.1207  -92.1639
   23.7681   -9.9337  -96.2362
  -39.7528  -74.5426  -53.0674
  -53.7231  -63.8434  -54.0531
  -23.9380  -94.6979  -19.6941
  -41.6741  -84.8330  -31.9986
   27.4587  -29.9216  -91.1338
   80.3114  -57.8008    9.4396
   88.5016  -41.0330   20.1546
   -3.4536  -32.2454  -93.9508
   60.3696   65.9104  -44.0982
   59.6391   72.7575  -33.3399
   27.8816   71.1498  -62.4716
  -61.1368   61.4672  -45.0817
  -82.2866   55.5967   -7.0535
  -42.3211   88.3893  -15.2591
   30.5001   93.8905   13.4606
  -14.0859   98.2576    7.5028
  -29.3598   24.4932  -91.7384
  -83.8940   40.5359  -33.5833
  -95.6251   21.7470  -15.4243
  -92.8434    6.6343  -28.8635
  -73.9878   11.7524  -65.1587
  -64.4419  -13.9801  -74.5847
  -55.3095   56.8467  -59.7971
   84.6613   48.3382   19.8641
   83.5764   54.3556   -1.1886
  -61.5405  -52.9949  -51.7832
   27.2434  -75.4028  -59.1112
  -67.8489  -71.8970   -8.5530
  -52.9812  -57.7508  -50.7394
  -35.6540  -71.7689  -48.1891
  -19.5267  -68.9975  -60.7033
  -21.7436  -44.5776  -86.4292
   14.9584  -10.1140   85.8368
   38.3662  -28.1094   78.1927
   38.4571   18.7333   89.7490
   62.0827   33.8794   70.2153
   52.4668   25.0473   80.7471
  -38.8370  -90.5437  -13.2004
  -96.1988   -4.9588    2.1694
  -70.0974  -68.3322   11.2041
  -33.5342  -93.9299   -0.9633
  -27.1118  -95.1079   10.6223
   -9.3559  -32.7885  -93.1057
  -16.4477  -98.0616   -8.2378
    2.2415  -86.2993  -49.9925
    2.7395  -74.8562  -65.8545
   -4.9901  -64.0615  -76.1789
   20.6655  -81.4345  -53.7561
   90.5382   17.8145  -37.8004
   91.5622  -36.7995  -10.2496
  -44.2899   32.2954   82.8970
  -69.1301  -55.4630   45.2364
   83.6664  -48.4072  -23.0818
  -58.8714  -72.2007   35.4103
  -80.4466  -54.9375   18.7054
  -91.9753  -31.6376  -17.8108
  -93.3395   -0.7688   34.2934
  -95.3494  -28.8838   -2.1027
  -95.7616  -19.1238   19.6755
  -92.3102  -29.6985   22.7107
  -46.5299  -36.7767   79.7077
  -67.0536  -34.7791   63.4059
  -82.8281  -19.0087   50.0021
  -36.5609  -55.0232   73.9279
  -68.6861   -3.6756   71.2466
  -78.1797   16.4091   59.3869
  -19.3476  -73.4462   64.0639
  -58.5125   21.1289   77.1446
  -28.0944   20.2044   92.9247
  -45.3398  -70.7830   52.9437
  -40.4625  -84.9203   33.0113
    8.3193  -79.6524   58.5821
    0.5142  -90.5368   41.3429
  -21.8920  -85.6208   45.9564
  -16.6790  -94.5623   25.0855
   46.2874  -36.0781   70.3472
   39.2611  -55.0802   65.9561
   34.5102  -17.8797   80.9643
   19.6700   -1.5140   97.1447
  -23.1782   -1.9524   95.7048
   75.1688   26.0581   59.2695
  -87.6258   21.3763   42.0179
  -85.6957   40.9516   28.8483
  -80.9321   44.6690   37.0314
  -74.0236   39.8582   53.0942
  -61.2691   78.2866    3.8485
  -58.9762   68.2573   41.7138
  -53.9483   51.1416   65.7774
  -50.4584   85.4804    8.2169
  -41.9747   90.3604   -1.1825
   14.5969   91.7364  -36.5232
   28.6629   51.5969   79.7590
   -5.9670   58.1527   80.2282
  -43.4855   79.9001   38.8501
  -33.8490   59.6866   71.8207
  -15.7656   76.3667   61.7962
  -27.2749   92.6151   24.4011
   45.5451   58.0955   66.2673
   70.6055   68.8429   12.4452
   55.2997   82.6261   -0.7074
   32.6578   91.4015  -22.2483
   16.1988   97.5887   -3.3382
   77.9061   48.2307   36.9265
   63.6846   63.2214   43.1342
   65.4486   50.2789   55.9182
   56.8446   74.8789   32.1165
   44.9948   87.5649   14.6519
   40.8797   76.4377   48.5098
   21.1714   77.3892   56.6143
   24.4436   93.2439   25.3604
    6.0047   86.3922   47.9517
  -17.1159   87.8740   43.5347
  -34.9017   92.1033   -9.9402
   -3.0037   99.4205    5.9213
  -17.1087   97.8270   -4.1163
   -1.0046   97.2304  -20.5465
   -3.4647   89.3534  -44.0062
  -28.8716   88.8420  -33.2309
   14.3161   84.9148  -49.5930
   18.2366  -91.2405   34.9942
    7.5520   22.5053   96.0147
   17.3959   40.9623   88.8256
  -22.6397   40.1991   88.2419
   89.5475   34.4415   25.7916
   95.1796   17.6420   21.5326
   98.4620   15.0543    2.0436
   93.6709   32.3433   -9.8569
   82.4215   35.1655  -43.2799
   97.5888    4.2628  -16.4658
   99.1079   -6.1241    3.2942
   61.1297   59.8401  -48.7706
   65.1355   35.0658  -66.6951
   71.0300   67.1301  -14.5540
   57.7432   68.2669  -43.4176
   13.0576   68.9018  -69.6186
   39.5895   81.2213  -41.5768
   23.8631   76.0976  -59.0388
   85.6179   50.8154    5.4098
   73.6683   62.5526  -23.8308
   86.1286   48.6279  -10.7552
   81.6564  -37.0225   42.3235
   45.6988  -73.0389   47.4063
  -27.5795   33.2144  -89.5896
  -67.7277    9.9272  -70.0807
  -51.4190   28.7828  -77.3928
  -85.7530  -12.7988  -48.4423
  -15.4619   29.5518  -93.1059
   48.5882   37.6255  -78.5906
   88.0550    3.5720  -43.7721
   79.4327   -4.4866  -56.7698
  -55.0278    8.0349  -82.1053
  -35.7164   -2.0468  -92.9628
   62.1438   12.9811  -76.0714
   73.6194  -24.6412  -61.7101
   59.2326  -33.0259  -72.4973
   25.1161   41.9378  -85.7709
   41.9997    6.1559  -89.9451
   38.6367  -40.0206  -81.8856
   23.7262   -1.5608  -96.0049
   -6.3840    3.6205  -98.8838
    7.6904  -23.9508  -96.0510
   41.0311  -55.8808  -70.6908
   10.6679  -51.9174  -84.1438
   73.1563  -49.8940  -43.8000
   47.6782  -70.2832  -51.7908
   34.0291  -84.5382  -40.1841
  -70.2025  -64.0590   -4.4977
   12.4311  -95.8438  -23.0619
   53.5607  -76.6771   31.1380
   15.6052  -96.3789   17.6860
   -2.3082  -99.5169   -1.9723
   93.9390  -10.3546   31.2445
   92.3486  -31.9463   14.7877
   65.9476  -71.6574   10.7208
   53.9693  -79.5744  -21.5805
   35.3349  -91.9278   -0.9666
  -49.5267  -86.5301    4.2367
  -62.5858  -13.0078  -76.5099
  -36.0928  -24.3443  -89.7556
  -45.0030    5.0897  -88.7228
    9.9823  -75.0086  -65.0260
   23.0268  -65.4223  -71.4377
   -5.0921  -95.8557  -26.5791
   11.9839  -87.9263  -45.5835
  -50.3150  -14.3268  -84.9265
  -85.7140  -43.9853   24.9948
  -86.2444  -31.8563   38.3507
  -24.8211  -18.2355  -94.4606
  -55.7232   77.6785  -28.1955
  -53.0637   83.2144  -14.8223
  -26.3244   79.8764  -52.2340
   62.9532   52.2769  -53.9622
   86.4715   43.0626  -24.4042
   56.1968   79.7752  -18.8767
   -2.8993   96.5734   24.0324
   31.8283   94.3473    2.6332
    6.6896   27.9189  -95.1810
   84.2610   26.1695  -45.9492
   92.8507    6.8131  -35.3751
   85.3282   -2.5467  -46.8458
   55.9852   -0.5907  -82.0542
   40.7430  -20.2330  -88.5059
   57.7798   47.6756  -65.0142
  -68.2302   57.5997   43.6097
  -69.7694   67.7237   21.8525